Algo 1 L.Time
Algorithm version 1 - finding loops and chains
Pattern: <= 10 actor and <= 15 edges
Pattern 01 (a single edge) is not reported here

Time leap - execution time
Time_leap, number_of_patterns, most_frequent_pattern, execution_time

iot6_bipartite_#smarttech ("net": 2 layers, 1019 actors, 1232 edges) 102.2kB
"smarttech", 1019, 1232, 1, 0, 10, 15, 
1000, 1, 0110, 140
5000, 1, 0110, 143
10000, 1, 0110, 98
30000, 1, 0110, 96
60000, 2, 0112, 91
120000, 3, 0112, 101
300000, 3, 0112, 122
600000, 3, 0112, 103
1200000, 3, 0112, 100
2400000, 5, 0112, 99
3600000, 5, 0112, 103

iot6_bipartite_#smartdevices ("net": 2 layers, 2581 actors, 3278 edges) 263.8kB
"smartdevices", 2581, 3278, 1, 0, 10, 15, 
1000, 2, 0112, 1142
5000, 3, 0112, 1162
10000, 3, 0112, 1118
30000, 4, 0112, 1180
60000, 4, 0112, 1239
120000, 4, 0112, 1221
300000, 4, 0112, 1260
600000, 4, 0112, 1249
1200000, 4, 0112, 1354
2400000, 4, 0112, 1464
3600000, 5, 0112, 1618

iot6_bipartite_#hardware ("net": 2 layers, 4344 actors, 5638 edges) 468.2kB
"hardware", 2581, 3278, 1, 0, 10, 15, 
1000, 5, 0112, 5139
5000, 6, 0112, 5304
10000, 13, 0112, 5716
30000, 21, 0112, 6836
60000, 27, 0112, 17040
120000, 63, 011221122112211221122113, 18484085 //011221122112211221122112 second most frequent
300000, ---
600000, ---
1200000, ---
2400000, ---
3600000, ---

iot6_bipartite_#smartmobility ("net": 2 layers, 3877 actors, 6344 edges) 486.4kB
"smartmobility", 3877, 6344, 1, 0, 10, 15, 
1000, 2, 0112, 2550
5000, 2, 0112, 3264
10000, 2, 0112, 3694
30000, 2, 0112, 3775
60000, 2, 0112, 3112
120000, 2, 0112, 2480
300000, 2, 0112, 2432
600000, 3, 0112, 2493
1200000, 3, 0112, 2596
2400000, 3, 0112, 2645
3600000, 3, 0112, 2740

iot6_bipartite_#devices ("net": 2 layers, 4976 actors, 6558 edges) 532.8kB
"devices", 4976, 6558, 1, 0, 10, 15, 
1000, 2, 0112, 5507
5000, 3, 0112, 5297
10000, 3, 0112, 5395
30000, 5, 0112, 5412
60000, 13, 0112, 6371
120000, 41, 0112, 10081
300000, 43, 0112, 19342
600000, 58, 0112, 64394
1200000, 58, 01100110011001, 220834
2400000, 58, 01100110011001, 235342
3600000, 58, 01100110011001, 390379

iot6_bipartite_#smartgrid ("net": 2 layers, 4936 actors, 6586 edges) 539.1kB
"smartgrid", 4936, 6586, 1, 0, 10, 15, 
1000, 2, 0112, 11219
5000, 2, 0112, 10907
10000, 2, 0112, 10967
30000, 5, 0112, 11292
60000, 5, 0112, 11595
120000, 5, 0112, 11584
300000, 9, 0112, 12978
600000, 20, 0112, 14047
1200000, 32, 0112, 15327
2400000, 37, 0112, 16730
3600000, 37, 0112, 17916

iot6_bipartite_#smarthomes ("net": 2 layers, 6525 actors, 8282 edges) 664.4kB
"smarthomes", 6525, 8282, 1, 0, 10, 15, 
1000, 4, 0112, 29586
5000, 6, 0112, 29145
10000, 6, 0112, 28634
30000, 18, 0112, 32648
60000, 18, 0112, 33609
120000, 24, 0112, 39521
300000, 32, 0112, 46720
600000, 50, 0112, 61024
1200000, 70, 0112, 85032
2400000, 70, 0112, 89051
3600000, 70, 0112, 91800

iot6_bipartite_#predictiveanalytics ("net": 2 layers, 7379 actors, 10738 edges) 849.1kB
"predictiveanalytics", 7379, 10738, 1, 0, 10, 15, 
1000, 4, 0112, 85362
5000, 4, 0112, 84909
10000, 6, 0112, 91686
30000, 6, 0112, 94836
60000, 6, 0112, 102840
120000, 6, 0112, 98934
300000, 6, 0112, 94988
600000, 6, 0112, 99070
1200000, 25, 0112, 135263
2400000, 27, 0112, 178368
3600000, 27, 0112, 246235

iot6_bipartite_#datamining ("net": 2 layers, 7453 actors, 10748 edges) 880.1kB
"datamining", 7453, 10748, 1, 0, 10, 15, 
1000, 2, 0112, 42462
5000, 4, 0112, 41777
10000, 4, 0112, 43194
30000, 4, 0112, 44293
60000, 4, 0112, 46395
120000, 4, 0112, 55459
300000, 9, 0112, 63820
600000, 9, 0112, 65068
1200000, 9, 0112, 61507
2400000, 9, 0112, 68888
3600000, 13, 0112, 107577

iot6_bipartite_#smartphone ("net": 2 layers, 8948 actors, 11250 edges) 901.8kB
"smartphone", 8948, 11250, 1, 0, 10, 15, 
1000, 1, 0112, 41736
5000, 2, 0112, 42040
10000, 2, 0112, 41368
30000, 3, 0112, 40982
60000, 3, 0112, 39181
120000, 3, 0112, 39137
300000, 8, 0112, 39718
600000, 19, 0112, 41616
1200000, 19, 0112, 44176
2400000, 26, 0112, 48728
3600000, 26, 0112, 52062

iot6_bipartite_#arduino ("net": 2 layers, 7588 actors, 10590 edges) 904.9kB
"arduino", 7588, 10590, 1, 0, 10, 15, 
1000, 8, 0112, 53154
5000, 19, 0112, 47445
10000, 23, 0112, 48760
30000, 32, 0112, 50429
60000, 32, 0112, 52166
120000, 67, 0112, 71741
300000, 70, 0112, 96888
600000, 70, 0112, 178408
1200000, 91, 01122112211221, 1900057 // 01100110011001 second most frequent
2400000, ---
3600000, ---

iot6_bipartite_#itsecurity ("net": 2 layers, 8671 actors, 13652 edges) 1.1MB
"itsecurity", 8671, 13652, 1, 0, 10, 15, 
1000, 2, 0112, 102109
5000, 3, 0112, 103313
10000, 3, 0112, 110714
30000, 3, 0112, 112005
60000, 3, 0112, 113682
120000, 30, 0112, 153993
300000, 37, 0112, 200386
600000, 37, 0112, 240411
1200000, 37, 0112, 424436
2400000, 37, 0112, 500379 // 01122334 second most frequent
3600000, 37, 0112, 508632 // 01122334 second most frequent

iot6_bipartite_#artificial ("net": 2 layers, 9087 actors, 15288 edges) 1.2MB
"artificial", 9087, 15288, 1, 0, 10, 15, 
1000, 1, 0112, 42248
5000, 1, 0112, 44360
10000, 1, 0112, 44675
30000, 1, 0112, 42810
60000, 1, 0112, 42556
120000, 1, 0112, 43082
300000, 1, 0112, 43154
600000, 1, 0112, 42877
1200000, 1, 0112, 42822
2400000, 2, 0112, 43648
3600000, 2, 0112, 43896

iot6_bipartite_#raspberrypi ("net": 2 layers, 10475 actors, 15946 edges) 1.3MB
"raspberrypi", 10475, 15946, 1, 0, 10, 15, 
1000, 2, 0112, 267281
5000, 3, 0112, 280774
10000, 3, 0112, 289282
30000, 6, 0112, 294530
60000, 8, 0112, 293014
120000, 11, 0112, 307345
300000, 130, 0112, 397400
600000, ---
1200000, ---
2400000, ---
3600000, ---

iot6_bipartite_#itsecurity ("net": 2 layers, 8671 actors, 13652 edges) 1.1MB
1000, 
5000, 
10000, 
30000, 
60000, 
120000, 
300000, 
600000, 
1200000, 
2400000, 
3600000, 

iot6_bipartite_#itsecurity ("net": 2 layers, 8671 actors, 13652 edges) 1.1MB
1000, 
5000, 
10000, 
30000, 
60000, 
120000, 
300000, 
600000, 
1200000, 
2400000, 
3600000, 

iot6_bipartite_#itsecurity ("net": 2 layers, 8671 actors, 13652 edges) 1.1MB
1000, 
5000, 
10000, 
30000, 
60000, 
120000, 
300000, 
600000, 
1200000, 
2400000, 
3600000, 

iot6_bipartite_#itsecurity ("net": 2 layers, 8671 actors, 13652 edges) 1.1MB
1000, 
5000, 
10000, 
30000, 
60000, 
120000, 
300000, 
600000, 
1200000, 
2400000, 
3600000, 

iot6_bipartite_#itsecurity ("net": 2 layers, 8671 actors, 13652 edges) 1.1MB
1000, 
5000, 
10000, 
30000, 
60000, 
120000, 
300000, 
600000, 
1200000, 
2400000, 
3600000, 

iot6_bipartite_#itsecurity ("net": 2 layers, 8671 actors, 13652 edges) 1.1MB
1000, 
5000, 
10000, 
30000, 
60000, 
120000, 
300000, 
600000, 
1200000, 
2400000, 
3600000, 