Algo 1 W.Time
Algorithm version 1 - finding loops and chains
Pattern: <= 10 actor and <= 15 edges
Pattern 01 (a single edge) is not reported here

Time window - execution time
Time_window, number_of_patterns, most_frequent_pattern, execution_time
"Test name", Nodes", "Edges", "Algorithm", "Using time window", "Actor limit", "Edge limit", "Time", "No. of patterns", "Longest pattern", "Execution time"

iot6_bipartite_#smarttech ("net": 2 layers, 1019 actors, 1232 edges) 102.2kB
"smarttech", 1019, 1232, 1, 1, 10, 15, 
1000, 1, 0110, 126
5000, 1, 0110, 125
10000, 1, 0110, 128
30000, 1, 0110, 131
60000, 2, 0112, 132
120000, 3, 0112, 130
300000, 3, 0112, 135
600000, 3, 0112, 132
1200000, 3, 0112, 133
2400000, 4, 0112, 132
3600000, 4, 0112, 141

iot6_bipartite_#smartdevices ("net": 2 layers, 2581 actors, 3278 edges) 263.8kB
"smartdevices", 2581, 3278, 1, 1, 10, 15, 
1000, 2, 0112, 1101
5000, 3, 0112, 1100
10000, 3, 0112, 1055
30000, 4, 0112, 1144
60000, 4, 0112, 1152
120000, 4, 0112, 1139
300000, 4, 0112, 1160
600000, 4, 0112, 1189
1200000, 4, 0112, 1229
2400000, 4, 0112, 1317
3600000, 5, 0112, 1449

iot6_bipartite_#hardware ("net": 2 layers, 4344 actors, 5638 edges) 468.2kB
"hardware", 2581, 3278, 1, 1, 10, 15, 
1000, 5, 0112, 5135
5000, 6, 0112, 5429
10000, 7, 0112, 5688
30000, 16, 0112, 6688
60000, 21, 0112, 8864
120000, 36, 011001100110, 42993
300000, 59, 011001100110011002, 5618541 // 0110011001100110011002 second most frequent
600000, 63, 0110011001100110011002, 38729541 // 01100110011001100110011002 second most frequent
1200000, 69, 0110011001100110011002, 39042219
2400000, ---
3600000, ---

iot6_bipartite_#smartmobility ("net": 2 layers, 3877 actors, 6344 edges) 486.4kB
"smartmobility", 3877, 6344, 1, 1, 10, 15, 
1000, 2, 0112, 2036
5000, 2, 0112, 2050
10000, 2, 0112, 2019
30000, 2, 0112, 2017
60000, 2, 0112, 1970
120000, 2, 0112, 1951
300000, 2, 0112, 2011
600000, 3, 0112, 2033
1200000, 3, 0112, 1995
2400000, 3, 0112, 2064
3600000, 3, 0112, 2110

iot6_bipartite_#devices ("net": 2 layers, 4976 actors, 6558 edges) 532.8kB
"devices", 4976, 6558, 1, 1, 10, 15, 
1000, 2, 0112, 4183
5000, 3, 0112, 4049
10000, 3, 0112, 4128
30000, 5, 0112, 4328
60000, 10, 0112, 4925
120000, 24, 0112, 6181
300000, 28, 0112, 9595
600000, 43, 0112, 16571
1200000, 57, 0112, 57478
2400000, 58, 01100110011001, 189731
3600000, 58, 01100110011001, 236300

iot6_bipartite_#smartgrid ("net": 2 layers, 4936 actors, 6586 edges) 539.1kB
"smartgrid", 4936, 6586, 1, 1, 10, 15, 
1000, 2, 0112, 4967
5000, 2, 0112, 4923
10000, 2, 0112, 5171
30000, 5, 0112, 5044
60000, 5, 0112, 5058
120000, 5, 0112, 5137
300000, 9, 0112, 5450
600000, 9, 0112, 5780
1200000, 20, 0112, 6303
2400000, 32, 0112, 6721
3600000, 34, 0112, 7328

iot6_bipartite_#smarthomes ("net": 2 layers, 6525 actors, 8282 edges) 664.4kB
"smarthomes", 6525, 8282, 1, 1, 10, 15, 
1000, 2, 0112, 11791
5000, 6, 0112, 12171
10000, 6, 0112, 12247
30000, 12, 0112, 13214
60000, 18, 0112, 13796
120000, 21, 0112, 15280
300000, 28, 0112, 18947
600000, 32, 0112, 20601
1200000, 50, 0112, 27598
2400000, 70, 0112, 33460
3600000, 70, 0112, 34722

iot6_bipartite_#predictiveanalytics ("net": 2 layers, 7379 actors, 10738 edges) 849.1kB
"predictiveanalytics", 7379, 10738, 1, 1, 10, 15, 
1000, 4, 0112, 28895
5000, 4, 0112, 28017
10000, 4, 0112, 27756
30000, 6, 0112, 28295
60000, 6, 0112, 29446
120000, 6, 0112, 32317
300000, 6, 0112, 35411
600000, 6, 0112, 34432
1200000, 24, 0112, 39621 
2400000, 26, 0112, 51332
3600000, 27, 0112, 67735

iot6_bipartite_#datamining ("net": 2 layers, 7453 actors, 10748 edges) 880.1kB
"datamining", 7453, 10748, 1, 1, 10, 15, 
1000, 2, 0112, 15764
5000, 4, 0112, 14799
10000, 4, 0112, 15196
30000, 4, 0112, 15932
60000, 4, 0112, 16317
120000, 4, 0112, 18665
300000, 9, 0112, 21058
600000, 9, 0112, 22182
1200000, 9, 0112, 23199
2400000, 9, 0112, 28092
3600000, 11, 0112, 37934

iot6_bipartite_#smartphone ("net": 2 layers, 8948 actors, 11250 edges) 901.8kB
"smartphone", 8948, 11250, 1, 1, 10, 15, 
1000, 1, 0112, 12633
5000, 2, 0112, 12338
10000, 2, 0112, 12794
30000, 3, 0112, 12929
60000, 3, 0112, 14268
120000, 3, 0112, 12929
300000, 6, 0112, 13150
600000, 11, 0112, 13732
1200000, 19, 0112, 14396
2400000, 19, 0112, 15217
3600000, 26, 0112, 16211

iot6_bipartite_#arduino ("net": 2 layers, 7588 actors, 10590 edges) 904.9kB
"arduino", 7588, 10590, 1, 1, 10, 15, 
1000, 8, 0112, 15853
5000, 11, 0112, 16796
10000, 17, 0112, 16955
30000, 32, 0112, 18457
60000, 32, 0112, 18903
120000, 67, 0112, 21957
300000, 67, 0112, 25626
600000, 70, 0112, 37523
1200000, 79, 0112, 87010
2400000, 94, 0112, 312143
3600000, 110, 011221122112, 2940616 // 01122112211221 second most frequent

iot6_bipartite_#itsecurity ("net": 2 layers, 8671 actors, 13652 edges) 1.1MB
"itsecurity", 8671, 13652, 1, 1, 10, 15, 
1000, 2, 0112, 37105
5000, 3, 0112, 35357
10000, 3, 0112, 35547
30000, 3, 0112, 36030
60000, 3, 0112, 39691
120000, 6, 0112, 48248
300000, 25, 0112, 60740
600000, 30, 0112, 80373
1200000, 37, 0112, 141333
2400000, 37, 0112, 199203 //01122334 second most frequent
3600000, 37, 0112, 214615 //01122334 second most frequent

iot6_bipartite_#artificial ("net": 2 layers, 9087 actors, 15288 edges) 1.2MB
"artificial", 9087, 15288, 1, 1, 10, 15, 
1000, 1, 0112, 27429
5000, 1, 0112, 27718
10000, 1, 0112, 27879
30000, 1, 0112, 28131
60000, 1, 0112, 28812
120000, 1, 0112, 27735
300000, 1, 0112, 27733
600000, 1, 0112, 27309
1200000, 1, 0112, 26148
2400000, 2, 0112, 27823
3600000, 2, 0112, 29257

iot6_bipartite_#raspberrypi ("net": 2 layers, 10475 actors, 15946 edges) 1.3MB
"raspberrypi", 10475, 15946, 1, 1, 10, 15, 
1000, 2, 0112, 137076
5000, 2, 0112, 111118
10000, 3, 0112, 90755
30000, 6, 0112, 101205
60000, 7, 0112, 103590
120000, 8, 0112, 106810
300000, 20, 0112, 127929
600000, 37, 0112, 189291
1200000, 168, 0112, 417991
2400000, 1299, 011221122112, 4676220
3600000, ===

iot6_bipartite_#itsecurity ("net": 2 layers, 8671 actors, 13652 edges) 1.1MB
1000, 
5000, 
10000, 
30000, 
60000, 
120000, 
300000, 
600000, 
1200000, 
2400000, 
3600000, 

iot6_bipartite_#itsecurity ("net": 2 layers, 8671 actors, 13652 edges) 1.1MB
1000, 
5000, 
10000, 
30000, 
60000, 
120000, 
300000, 
600000, 
1200000, 
2400000, 
3600000, 

iot6_bipartite_#itsecurity ("net": 2 layers, 8671 actors, 13652 edges) 1.1MB
1000, 
5000, 
10000, 
30000, 
60000, 
120000, 
300000, 
600000, 
1200000, 
2400000, 
3600000, 

iot6_bipartite_#itsecurity ("net": 2 layers, 8671 actors, 13652 edges) 1.1MB
1000, 
5000, 
10000, 
30000, 
60000, 
120000, 
300000, 
600000, 
1200000, 
2400000, 
3600000, 

iot6_bipartite_#itsecurity ("net": 2 layers, 8671 actors, 13652 edges) 1.1MB
1000, 
5000, 
10000, 
30000, 
60000, 
120000, 
300000, 
600000, 
1200000, 
2400000, 
3600000, 

iot6_bipartite_#itsecurity ("net": 2 layers, 8671 actors, 13652 edges) 1.1MB
1000, 
5000, 
10000, 
30000, 
60000, 
120000, 
300000, 
600000, 
1200000, 
2400000, 
3600000, 